6 0.00108595
180 0.00108573
206 0.00108037
557 0.00108008
36 0.00107616
355 0.00106971
473 0.00106908
157 0.00106902
24 0.0010671
113 0.00106707
82 0.00106674
577 0.0010667
305 0.00106599
504 0.00106598
681 0.00106581
653 0.00106563
487 0.00106432
546 0.00106233
251 0.00106178
272 0.00106143
500 0.0010605
214 0.00106038
332 0.00105951
611 0.00105835
276 0.00105807
295 0.00105778
378 0.00105777
263 0.0010577
50 0.00105747
288 0.00105615
306 0.00105602
290 0.0010556
739 0.00105419
292 0.00105296
0 0.00105187
664 0.00105167
548 0.00105151
726 0.0010515
464 0.00105127
482 0.00105104
104 0.00104985
81 0.00104933
763 0.00104917
71 0.00104858
320 0.00104855
941 0.00104847
369 0.00104838
328 0.00104831
231 0.00104764
175 0.00104724
953 0.00104682
549 0.00104585
512 0.00104561
439 0.00104539
100 0.00104523
176 0.00104522
481 0.00104502
148 0.001045
731 0.00104495
32 0.00104475
10 0.00104467
534 0.00104448
270 0.00104391
697 0.00104363
108 0.00104301
29 0.00104295
495 0.00104287
547 0.00104268
521 0.00104256
65 0.00104233
419 0.00104231
393 0.00104214
277 0.00104211
725 0.00104204
445 0.001042
364 0.00104196
460 0.00104168
179 0.00104165
234 0.00104153
161 0.00104152
192 0.00104124
982 0.00104112
326 0.00104093
201 0.00104092
110 0.00104085
694 0.00104072
22 0.00104023
714 0.00104008
604 0.00103996
308 0.00103995
55 0.00103944
502 0.00103938
561 0.00103936
669 0.0010392
853 0.00103911
194 0.00103895
223 0.00103893
749 0.00103889
376 0.00103864
728 0.00103738
908 0.00103726
77 0.00103561
219 0.00103542
584 0.00103537
430 0.00103519
523 0.00103513
333 0.00103499
919 0.00103485
137 0.00103479
539 0.0010347
489 0.00103439
432 0.00103422
560 0.00103415
149 0.00103413
98 0.00103399
195 0.00103396
640 0.00103369
322 0.00103365
740 0.00103363
529 0.00103322
566 0.00103306
1 0.00103293
143 0.0010328
210 0.00103278
299 0.00103205
606 0.00103198
626 0.0010314
300 0.00103135
835 0.00103077
589 0.00103064
314 0.00103034
682 0.00103029
683 0.00103023
371 0.00103019
83 0.00103011
579 0.00103009
458 0.00103004
687 0.00103003
434 0.00102996
741 0.00102982
8 0.00102981
507 0.0010297
634 0.0010294
94 0.00102895
418 0.00102884
257 0.00102852
425 0.0010284
777 0.00102835
559 0.00102808
114 0.00102791
89 0.00102785
118 0.00102783
729 0.0010278
692 0.00102776
630 0.00102775
598 0.00102771
165 0.00102758
845 0.00102753
220 0.0010275
602 0.0010274
239 0.00102739
655 0.00102731
159 0.00102695
222 0.00102684
264 0.00102676
516 0.00102645
271 0.00102626
900 0.00102615
312 0.00102596
140 0.00102576
668 0.00102569
822 0.00102558
615 0.00102555
593 0.00102516
199 0.00102515
28 0.00102508
54 0.00102504
39 0.00102503
703 0.00102498
172 0.00102493
126 0.00102489
628 0.00102484
752 0.00102473
588 0.00102469
753 0.00102462
820 0.00102449
453 0.00102447
624 0.00102447
733 0.00102444
926 0.00102432
652 0.0010243
316 0.00102409
307 0.00102406
672 0.00102385
429 0.00102384
59 0.0010238
457 0.00102363
109 0.00102353
759 0.00102347
754 0.00102339
136 0.00102326
685 0.00102318
670 0.00102313
851 0.00102283
238 0.00102263
533 0.00102258
578 0.00102257
637 0.00102245
686 0.00102223
572 0.00102222
3 0.00102221
701 0.00102189
582 0.00102178
394 0.0010217
360 0.00102133
182 0.00102129
52 0.00102109
983 0.00102107
202 0.00102104
318 0.00102099
317 0.00102099
679 0.00102091
705 0.00102089
677 0.00102088
374 0.00102087
221 0.00102086
69 0.00102075
46 0.00102068
135 0.00102062
431 0.00102061
401 0.00102044
746 0.00102033
513 0.00102027
619 0.00102025
85 0.00102018
455 0.00102012
596 0.00102002
742 0.00101996
19 0.00101988
665 0.0010197
891 0.00101955
395 0.00101949
524 0.0010194
381 0.00101931
79 0.0010193
483 0.00101924
767 0.00101918
139 0.00101908
377 0.00101906
625 0.00101896
568 0.00101878
934 0.00101874
261 0.00101849
354 0.00101848
883 0.00101843
146 0.00101839
350 0.00101828
477 0.00101823
472 0.0010182
359 0.001018
91 0.00101797
984 0.00101793
844 0.00101785
888 0.00101757
163 0.0010175
361 0.00101744
96 0.00101741
544 0.0010172
864 0.00101709
574 0.00101704
102 0.00101701
145 0.00101697
583 0.00101692
313 0.00101684
969 0.00101662
484 0.00101661
535 0.00101649
518 0.00101618
488 0.00101611
301 0.001016
327 0.00101588
520 0.00101582
416 0.00101563
932 0.00101548
485 0.00101542
294 0.00101537
758 0.00101528
860 0.00101515
268 0.00101512
676 0.00101494
345 0.00101472
302 0.00101465
75 0.00101464
576 0.00101457
74 0.00101449
5 0.00101435
386 0.00101433
879 0.00101423
227 0.00101421
241 0.00101418
805 0.00101413
420 0.00101412
898 0.00101407
712 0.00101395
53 0.00101392
365 0.00101391
962 0.00101384
600 0.00101379
650 0.00101378
659 0.00101374
178 0.00101365
695 0.0010136
283 0.00101355
38 0.00101345
335 0.00101336
169 0.00101323
403 0.0010132
236 0.00101317
14 0.00101311
633 0.0010131
601 0.001013
718 0.00101284
35 0.00101281
80 0.00101266
90 0.00101259
629 0.00101247
390 0.00101246
743 0.00101238
111 0.00101236
336 0.0010123
424 0.00101228
170 0.00101212
595 0.00101209
704 0.0010118
414 0.00101178
468 0.00101177
902 0.00101175
467 0.00101167
486 0.00101166
736 0.00101165
508 0.00101161
383 0.00101159
213 0.00101145
433 0.00101134
471 0.00101127
689 0.00101126
734 0.00101107
427 0.00101106
829 0.0010109
34 0.00101086
494 0.00101065
955 0.00101048
620 0.00101044
522 0.00101034
167 0.0010103
225 0.00101013
451 0.00100996
344 0.0010097
347 0.0010097
68 0.00100963
610 0.00100959
389 0.0010095
450 0.00100934
428 0.00100914
608 0.00100909
204 0.00100889
545 0.00100878
440 0.00100876
587 0.00100874
779 0.00100873
636 0.00100871
48 0.00100857
986 0.00100854
325 0.00100848
874 0.00100847
730 0.00100845
242 0.00100841
463 0.00100829
191 0.00100824
603 0.00100814
244 0.00100793
592 0.00100785
408 0.00100783
527 0.00100772
249 0.00100756
112 0.00100751
67 0.00100748
259 0.0010074
349 0.00100729
423 0.0010072
843 0.00100719
274 0.00100712
435 0.00100708
724 0.001007
209 0.00100698
651 0.00100695
158 0.0010069
368 0.00100679
51 0.00100673
275 0.0010067
607 0.00100665
402 0.00100658
15 0.00100655
952 0.00100653
173 0.00100646
745 0.00100629
106 0.0010062
750 0.0010062
748 0.00100617
212 0.00100603
181 0.00100602
311 0.001006
644 0.00100597
357 0.00100587
254 0.00100583
786 0.00100581
854 0.00100576
409 0.00100573
454 0.00100573
253 0.00100568
950 0.00100568
517 0.00100557
415 0.00100551
693 0.00100551
30 0.00100537
826 0.00100537
479 0.00100523
105 0.00100521
474 0.00100505
339 0.00100496
928 0.00100491
230 0.00100491
661 0.00100487
476 0.00100487
492 0.00100482
443 0.00100481
646 0.00100472
262 0.00100467
764 0.00100466
391 0.00100452
946 0.00100435
200 0.00100432
286 0.00100429
426 0.00100425
281 0.00100423
232 0.00100415
783 0.00100408
980 0.0010039
379 0.00100387
72 0.00100383
120 0.00100379
550 0.00100377
43 0.00100365
26 0.00100365
715 0.00100354
321 0.00100344
647 0.0010034
537 0.00100317
441 0.00100305
211 0.00100297
775 0.00100295
623 0.00100292
556 0.00100268
273 0.00100254
536 0.00100253
278 0.00100253
407 0.00100249
940 0.00100228
64 0.00100222
438 0.00100222
530 0.00100192
755 0.00100189
49 0.00100188
340 0.00100186
243 0.0010016
671 0.00100156
912 0.00100153
168 0.00100146
373 0.00100131
723 0.00100123
627 0.00100123
250 0.00100123
675 0.00100121
709 0.00100114
617 0.00100102
501 0.00100099
86 0.00100099
938 0.00100092
280 0.00100086
918 0.00100075
831 0.00100074
285 0.00100072
7 0.00100067
799 0.00100067
101 0.00100065
411 0.00100064
151 0.00100064
218 0.00100063
819 0.00100051
757 0.00100044
696 0.00100034
125 0.00100033
224 0.00100032
20 0.00100019
737 0.00100013
410 0.00100012
177 0.00100011
894 0.00100008
337 0.001
164 0.000999995
334 0.000999968
166 0.000999849
907 0.000999787
382 0.000999756
519 0.000999743
614 0.000999722
12 0.000999522
63 0.000999451
287 0.000999369
531 0.000999157
540 0.0009991
641 0.000999091
130 0.000999066
452 0.000999022
872 0.00099902
97 0.000998993
95 0.000998974
298 0.000998794
31 0.00099873
310 0.000998646
562 0.000998631
970 0.00099859
279 0.000998585
727 0.000998521
17 0.000998438
514 0.00099832
198 0.000998081
189 0.000998063
186 0.000998063
791 0.000997992
635 0.000997983
616 0.000997919
939 0.000997916
702 0.000997905
124 0.000997822
989 0.000997702
691 0.000997621
605 0.000997567
993 0.000997435
921 0.000997383
713 0.000997361
150 0.000997314
107 0.000996954
648 0.000996934
890 0.000996335
717 0.000996299
388 0.000996206
662 0.000996117
413 0.000996041
154 0.00099596
144 0.000995765
497 0.000995737
461 0.000995656
346 0.000995559
511 0.000995547
76 0.00099546
247 0.000995459
823 0.000995423
756 0.000995396
827 0.000995366
904 0.000995354
917 0.000995289
303 0.00099519
972 0.000995062
645 0.000994972
684 0.000994842
612 0.000994782
785 0.00099469
380 0.000994609
991 0.000994529
208 0.000994445
229 0.000994417
688 0.000994401
348 0.000994388
528 0.000994314
543 0.000994248
141 0.00099422
324 0.000994121
70 0.000993909
788 0.000993728
392 0.000993634
673 0.00099362
188 0.000993513
509 0.000993507
156 0.000993454
597 0.000993398
58 0.000993359
751 0.000993328
498 0.00099328
762 0.00099318
422 0.000992998
184 0.000992981
903 0.000992812
128 0.000992622
744 0.000992607
256 0.000992545
995 0.000992507
342 0.000992444
821 0.000992424
187 0.000992414
309 0.000992325
134 0.000992168
385 0.000992141
555 0.00099213
216 0.000992041
480 0.000991851
852 0.00099166
914 0.0009915
235 0.000991351
849 0.000991295
585 0.000991208
142 0.000991142
573 0.00099105
265 0.000991037
363 0.00099101
66 0.000990924
958 0.000990884
747 0.000990879
185 0.000990868
771 0.000990778
642 0.000990704
338 0.000990682
132 0.000990677
358 0.000990622
570 0.000990556
491 0.000990339
475 0.000990253
837 0.000990227
387 0.000990203
237 0.000990138
632 0.000990122
315 0.00099012
893 0.000990005
882 0.000989994
496 0.000989939
565 0.000989938
586 0.000989879
87 0.000989759
444 0.000989703
871 0.000989505
666 0.000989436
765 0.000989386
510 0.000989317
996 0.000989191
618 0.000989167
396 0.000989138
215 0.000989104
855 0.0009891
817 0.000989074
245 0.000989034
505 0.000988977
720 0.000988877
183 0.00098886
913 0.00098873
73 0.000988647
599 0.000988642
40 0.000988611
115 0.000988602
797 0.000988479
258 0.000988281
569 0.000988223
160 0.000988182
119 0.000987878
193 0.00098783
99 0.000987696
643 0.000987679
446 0.000987642
897 0.0009876
296 0.000987418
33 0.000987346
341 0.000987337
781 0.000987322
23 0.000987315
594 0.000987287
869 0.000987008
525 0.000986967
205 0.000986875
789 0.000986848
721 0.000986692
297 0.000986651
803 0.000986632
532 0.000986472
935 0.000986448
9 0.000986398
282 0.000986395
217 0.000986208
889 0.000986185
760 0.000986173
825 0.000986078
875 0.000985885
790 0.000985776
901 0.000985754
658 0.000985724
538 0.000985513
47 0.000985409
266 0.000985409
656 0.000985327
674 0.000985169
469 0.000985126
147 0.000985098
807 0.000985062
796 0.000984948
994 0.000984903
997 0.000984768
663 0.000984578
466 0.000984446
698 0.00098444
404 0.000984389
123 0.000984358
609 0.000984189
906 0.000984145
203 0.000984128
722 0.000984086
944 0.00098399
884 0.000983941
400 0.000983831
810 0.000983789
591 0.000983678
910 0.00098367
293 0.00098359
233 0.000983497
255 0.000983457
571 0.00098342
13 0.000983331
398 0.000983308
116 0.000983287
399 0.000983233
25 0.000983223
710 0.000983109
842 0.000983039
162 0.000982936
456 0.000982787
541 0.000982736
966 0.000982474
657 0.000982416
267 0.000982408
526 0.000982208
470 0.000982207
362 0.000981993
62 0.000981941
909 0.00098189
924 0.000981798
973 0.000981776
977 0.000981754
878 0.000981727
563 0.000981653
499 0.000981477
421 0.000981467
506 0.000981396
93 0.000981253
449 0.00098121
240 0.000981202
580 0.000981082
735 0.000981044
196 0.000980773
815 0.000980716
949 0.000980689
899 0.000980565
784 0.000980549
465 0.000980516
121 0.000980368
770 0.000980343
174 0.000980261
564 0.000980062
774 0.000980021
680 0.000979998
943 0.000979782
18 0.00097972
862 0.000979409
787 0.000979281
711 0.000979134
931 0.000979127
353 0.000979028
284 0.00097893
867 0.000978831
16 0.000978744
834 0.000978458
706 0.000978374
331 0.000977941
830 0.00097778
780 0.000977638
21 0.000977621
639 0.000977453
922 0.000977452
660 0.000977366
933 0.000977336
911 0.000977322
802 0.000977275
553 0.000977196
153 0.000977053
437 0.000977
965 0.000976986
207 0.000976716
967 0.000976527
155 0.000976447
37 0.0009764
42 0.000976291
558 0.000976172
957 0.000975878
352 0.000975838
330 0.000975741
761 0.000975679
859 0.000975617
920 0.00097554
575 0.000975521
60 0.000975485
366 0.000975352
885 0.000975242
638 0.000975208
226 0.000975052
868 0.000974964
988 0.000974927
417 0.000974722
329 0.000974604
930 0.000974242
887 0.000974121
515 0.000973887
621 0.000973772
968 0.000973722
92 0.00097364
567 0.000973431
581 0.000973269
877 0.000973004
41 0.000972869
372 0.00097283
631 0.000972815
732 0.000972673
678 0.000972533
929 0.000972483
839 0.000972386
171 0.000972124
56 0.000972076
923 0.00097205
838 0.000971904
613 0.000971595
738 0.000971465
323 0.000971276
554 0.000971242
44 0.000970663
971 0.000970589
190 0.000970568
811 0.000970236
927 0.000970025
269 0.000969734
447 0.000969716
11 0.000969703
246 0.000969687
916 0.000969451
866 0.000969418
384 0.00096938
873 0.000968822
960 0.000968797
351 0.000968685
133 0.000968638
289 0.000968619
951 0.000968609
552 0.000968553
590 0.000968374
699 0.000968165
766 0.000967836
848 0.000967764
880 0.000967736
990 0.000967687
832 0.000967681
895 0.000967317
375 0.000967007
412 0.000966988
905 0.000966481
975 0.000966239
228 0.000965866
981 0.0009653
103 0.000965256
117 0.00096492
319 0.000964608
503 0.000964564
942 0.000964329
405 0.000964309
858 0.000964094
248 0.000963902
367 0.0009639
792 0.000963562
304 0.000963524
478 0.00096333
252 0.000963233
462 0.000963152
812 0.000963097
667 0.000962909
356 0.000962699
892 0.000962527
406 0.000962329
964 0.000962242
856 0.000961951
804 0.000961898
896 0.00096162
490 0.000961516
152 0.000961307
778 0.000961022
769 0.00096089
925 0.00096072
707 0.00096061
622 0.000960421
809 0.000960346
840 0.000960277
649 0.00096013
947 0.000960128
260 0.000959837
708 0.000959685
27 0.000959683
846 0.000959681
836 0.000959623
824 0.000959546
850 0.000959258
816 0.000959128
876 0.000959074
808 0.000958564
915 0.000958461
2 0.000958259
782 0.000958199
870 0.000957837
291 0.000957485
493 0.000957484
129 0.000957479
773 0.000957027
138 0.000956444
776 0.000956311
719 0.000956137
127 0.000956026
122 0.000955899
459 0.000955679
700 0.000955416
978 0.00095523
442 0.000955014
976 0.00095492
370 0.000954842
998 0.000953816
45 0.000953736
985 0.000953698
936 0.000952469
768 0.000951891
654 0.000951634
974 0.000951282
818 0.000951063
813 0.000950859
78 0.000950817
863 0.000950457
833 0.000950431
945 0.0009503
448 0.000949231
793 0.000949064
800 0.000948637
61 0.000947689
963 0.000947332
436 0.000946543
397 0.000946414
343 0.00094606
4 0.000945936
57 0.000945532
847 0.000945403
828 0.000945363
794 0.000945044
937 0.000943327
84 0.000943168
886 0.000942634
956 0.000942266
690 0.000942238
197 0.000942084
861 0.00094186
772 0.00094184
551 0.000941661
841 0.000941477
542 0.000940927
954 0.00094051
716 0.000939489
88 0.000939233
865 0.000939109
961 0.000938476
948 0.000938198
881 0.000935552
857 0.000933217
979 0.000933088
801 0.000932077
806 0.000931204
814 0.000931158
131 0.000929239
999 0.000928257
798 0.000927542
992 0.000918799
795 0.000918175
987 0.000913705
959 0.000900187
